0	0.660726	0.831268	0.549310
1	0.681486	0.849494	0.573248
2	0.698841	0.865148	0.591876
3	0.713885	0.876347	0.609899
4	0.729975	0.895941	0.627490
5	0.740576	0.910389	0.645864
6	0.756561	0.922046	0.661978
7	0.769475	0.932580	0.673820
8	0.783568	0.940994	0.692146
9	0.796682	0.958264	0.708750
10	0.814448	0.968389	0.723058
11	0.819202	0.985853	0.736513
12	0.837158	0.995901	0.750522
13	0.848142	1.005289	0.764232
14	0.865054	1.016945	0.779321
15	0.873261	1.027658	0.793414
16	0.887467	1.039352	0.807848
17	0.901283	1.052971	0.823810
18	0.913379	1.065113	0.837448
19	0.923279	1.076907	0.849326
20	0.936296	1.078743	0.865287
21	0.943070	1.096777	0.881960
22	0.956231	1.108847	0.893736
23	0.971092	1.117345	0.907057
24	0.987438	1.124828	0.928177
25	0.996077	1.135905	0.937721
26	1.005683	1.145359	0.944350
27	1.018887	1.156716	0.958148
28	1.032351	1.171633	0.973394
29	1.042528	1.178218	0.989676
30	1.056758	1.191707	1.001580
31	1.066793	1.201288	1.016200
32	1.076871	1.208930	1.027344
33	1.091537	1.219045	1.044193
34	1.096657	1.229463	1.054545
35	1.113185	1.232379	1.063831
36	1.117609	1.242580	1.077854
37	1.135131	1.255951	1.084987
38	1.139621	1.261704	1.101052
39	1.149365	1.269484	1.112536
40	1.164472	1.283944	1.122794
41	1.171932	1.288410	1.132778
42	1.183127	1.291229	1.143242
43	1.196167	1.305208	1.155482
44	1.205437	1.314428	1.163389
45	1.211411	1.317700	1.173935
46	1.221771	1.323408	1.182086
47	1.224448	1.336654	1.192940
48	1.231075	1.338678	1.209791
49	1.244342	1.348083	1.224825
50	1.254959	1.357390	1.221305
