0	0.579333	0.719108	0.510678
1	0.596939	0.730451	0.530765
2	0.612612	0.741187	0.547534
3	0.625473	0.749451	0.562485
4	0.637348	0.759372	0.578601
5	0.649208	0.769887	0.588735
6	0.663866	0.778831	0.607656
7	0.668789	0.787198	0.620649
8	0.684584	0.793906	0.632837
9	0.694772	0.803739	0.645511
10	0.704974	0.811469	0.658046
11	0.716272	0.818740	0.667458
12	0.725747	0.822472	0.678938
13	0.732932	0.831994	0.690057
14	0.741515	0.837932	0.699344
15	0.749441	0.845470	0.705119
16	0.760013	0.850905	0.715003
17	0.768226	0.855643	0.725192
18	0.772943	0.861182	0.739393
19	0.783103	0.869090	0.744918
20	0.791248	0.872999	0.756023
21	0.798762	0.878804	0.761798
22	0.804466	0.884535	0.769030
23	0.812693	0.889570	0.776637
24	0.819439	0.891806	0.789047
25	0.825404	0.899847	0.791393
26	0.832150	0.903046	0.801694
27	0.836661	0.908362	0.811036
28	0.844874	0.911709	0.815145
29	0.850194	0.919039	0.823585
30	0.857311	0.920120	0.833260
31	0.862028	0.925407	0.837203
32	0.867883	0.930057	0.845990
33	0.872942	0.935832	0.850390
34	0.877686	0.938468	0.858789
35	0.884583	0.942733	0.862690
36	0.888080	0.945873	0.867465
37	0.894346	0.948405	0.877335
38	0.899803	0.950078	0.880514
39	0.902957	0.952936	0.886219
40	0.906646	0.957379	0.893701
41	0.912926	0.959215	0.899712
42	0.917066	0.963776	0.903391
43	0.920138	0.966101	0.905667
44	0.926226	0.968811	0.912927
45	0.930326	0.971758	0.917009
46	0.932725	0.973979	0.921465
47	0.938237	0.976156	0.927448
48	0.941542	0.978748	0.930599
49	0.944517	0.978629	0.934610
50	0.948740	0.982139	0.937331
