0	0.334995	0.416553	0.275062
1	0.345522	0.425687	0.287050
2	0.354322	0.433531	0.296379
3	0.361950	0.439144	0.305405
4	0.370109	0.448963	0.314214
5	0.375484	0.456204	0.323416
6	0.383589	0.462046	0.331486
7	0.390137	0.467325	0.337416
8	0.397283	0.471542	0.346594
9	0.403933	0.480196	0.354909
10	0.412941	0.485271	0.362075
11	0.415352	0.494023	0.368813
12	0.424457	0.499058	0.375829
13	0.430026	0.503763	0.382695
14	0.438602	0.509604	0.390251
15	0.442763	0.514973	0.397309
16	0.449966	0.520833	0.404538
17	0.456972	0.527659	0.412531
18	0.463105	0.533744	0.419361
19	0.468125	0.539654	0.425310
20	0.474725	0.540574	0.433303
21	0.478160	0.549612	0.441653
22	0.484834	0.555661	0.447550
23	0.492369	0.559919	0.454221
24	0.500658	0.563670	0.464798
25	0.505038	0.569221	0.469578
26	0.509909	0.573958	0.472898
27	0.516604	0.579650	0.479807
28	0.523431	0.587126	0.487443
29	0.528591	0.590425	0.495597
30	0.535807	0.597186	0.501558
31	0.540895	0.601987	0.508880
32	0.546005	0.605817	0.514461
33	0.553442	0.610886	0.522899
34	0.556038	0.616107	0.528083
35	0.564419	0.617568	0.532734
36	0.566662	0.622680	0.539756
37	0.575546	0.629382	0.543329
38	0.577823	0.632264	0.551374
39	0.582764	0.636163	0.557125
40	0.590424	0.643410	0.562262
41	0.594207	0.645648	0.567262
42	0.599883	0.647061	0.572502
43	0.606495	0.654066	0.578632
44	0.611196	0.658687	0.582592
45	0.614225	0.660327	0.587873
46	0.619478	0.663187	0.591956
47	0.620835	0.669825	0.597391
48	0.624196	0.670840	0.605830
49	0.630923	0.675553	0.613359
50	0.636306	0.680217	0.611597
